x	y
6.4631503529639	7.36226639986289
1.44397841572787	2.13550270351333
2.76843879208621	1.68443279748495
2.47017109416818	-4.46928834197012
1.63266039580132	-0.0786428021072578
1.38556860831433	-8.07631007493235
-3.78482133654179	-3.6368010838441
-5.94659360917212	7.33283058175389
8.4575635344058	-0.170382998553404
-6.38119275542321	1.24369963696926
-3.67511966632	0.206531046732243
3.81116312315888	-2.02261034014664
0.274054552337635	6.6249310492552
-8.99622991986223	-2.89345594148416
-1.35271209487134	2.74028455847283
-2.67512918873601	-3.2693892118502
-5.63934308872559	-6.76771621185379
-0.0327848057685614	-5.10335581452444
0.387408454141113	0.523414480339049
7.66977172488417	-4.36484579208212
1.28251046294721	4.47152771136834
-4.16695599782132	-0.783763809489284
1.25626066813125	7.07045507407732
7.45144061590809	5.2796744717051
5.31540207231227	-7.46493309046159
-2.98761671942201	0.799434686054121
-8.16189180946373	1.65709304710762
8.84274718264418	4.19769174624596
-1.52549279138193	4.18399171911532
1.42329625709574	-4.4460924609117
-3.89251546521773	2.21264866964159
-2.7593226678775	-9.44396324301332
0.734897324554622	6.24193491656242
-8.28170717789967	2.14424690364187
0.167435295159191	3.96395646636468
5.95955173989587	-6.53786190632776
-4.76634397923252	4.47747611010004
3.55829986715569	-6.55550468082537
-0.899750202727812	6.09465031372479
-8.21916305733066	1.92998302116034
-6.2232713251976	3.34315472903456
-1.23866321569733	3.4898957044193
1.57556494207183	6.93140236517075
4.04667177798896	7.46826545587309
-1.97531680527514	5.08954448860424
-6.13546284710305	-3.7428067300218
9.73943402436889	-1.32887980332999
-7.19125365527227	3.53239354587537
5.47511072228894	-3.10723384823351
-3.56498806714126	-1.78079086600499
-4.21258121302858	0.315630821062247
2.17277513875899	-7.62045834965868
-4.72480966331271	-8.43036971852571
-3.3944681040616	3.0820244774267
2.46207892769508	4.82335532246097
5.14236989104401	7.51110478415445
-6.97075116700156	-0.746294250636423
1.08254961791904	-7.88772716849147
7.96163647111598	-4.324371802678
-4.61697634075652	5.66359726340826
5.61258862087074	-2.11107427140326
4.50844764302664	5.64485768568289
6.28715083266636	5.57890633167276
-9.59104601234024	2.69023254226418
3.32969449765174	-5.1423269240017
-4.87440198957357	0.577504797505033
-3.97096688733996	3.1342715374939
-1.96379253212547	-3.65538206009116
2.00768525714968	9.45966099960508
6.58674196804797	3.00462457906002
-3.11224423818162	-6.85435213356285
-2.33620772968575	-4.66175979551709
-9.90527568900863	-0.169556602221646
-7.16740869374727	-5.65168965615793
3.98503801372562	8.05172635754261
5.27054054823092	5.91801751097376
2.43736120970022	3.71161577990224
8.98476618259836	-0.00149160144919695
-0.642970422745292	2.23544797389892
-5.85236587507047	-7.46449970325519
-6.15144755460792	6.75311246019179
-3.87850352597678	-4.6771900326343
-9.79955954160699	0.0301964745966294
-2.20465702017755	4.6895150793515
-3.29963428843538	9.16452558928586
5.99228713859292	-6.23278326575605
-1.29142276519902	6.72905023488589
3.9899278534245	7.32815137698896
-1.63794442768111	-1.57298287830928
3.16447107515761	1.62907376958539
-0.0405550521353485	6.90594202884138
4.06550270738082	-1.65156596776311
0.484684651927548	0.626685512845257
4.53900834155862	-5.04995860271873
4.34111879119776	-0.263531529128376
9.09722730194068	-1.01993313596697
-5.62143915264383	-7.71576337924784
6.56151863916257	-7.18150153666424
-6.40406144479457	5.18407232071749
-7.81947728050212	-4.3939488815723
2.16871514037494	8.76206006492085
-8.13226427518573	-4.17385921268126
7.88586079666911	-5.32535690754581
-7.79618630561629	-5.45732911988154
2.95948962937219	-1.997189629181
7.32838782255609	-0.415272708481987
3.14815027893028	2.44860800558745
0.618003133233904	-4.45767654384422
-1.92421666972302	-9.16742725339631
-5.27237852353557	-6.88584049039721
-1.31130313691681	-7.0194199485534
-1.4223762903676	5.85481909925689
4.94702324810302	-7.49346658920099
2.77775188309167	-3.05544958611698
-5.55081633173058	-6.96172143814079
2.75345127581873	9.08140667848487
2.82869035081633	2.16793473439313
9.05154030055575	1.88764133967133
-0.890451195782623	3.04916747074667
6.9832303141578	1.42388292632949
2.98278400696009	-9.13910669354151
-4.13584178672467	4.78707222504336
3.70757280296478	-1.35562573295697
6.80771468184612	3.43920677077302
0.357160030064414	-1.72385430445129
1.9330824032582	8.64524630071797
-3.46331288435285	-4.68307438875263
-4.70434580363229	-5.93425105805322
2.12559853916824	-3.46960495426547
4.1142505990235	-7.38029274170798
5.63497578067924	-2.31281073593205
5.12597992521976	1.14431601676816
6.63997541379613	2.03131524273915
-8.54311663549312	4.51319806760475
3.62710333439231	-8.84786506242742
8.31394238007861	-1.78461824190982
-3.87033696173283	0.110535987146903
0.482896697745138	1.76404548378621
-9.78843059488117	0.320299465002028
-7.16284704659959	1.52733800604313
1.77856925769261	-1.96480835887583
-1.5928185651195	-3.22373110773666
-6.97629601811721	-3.69432160828062
-2.06900956319795	-1.17288417301891
9.78363607176935	1.6221554686195
9.24433434696367	2.96399622534642
-9.83789868976194	-1.61024998824493
6.14984308899677	-2.87955400706912
4.1085164522897	6.01551145351104
5.36824342402907	5.23079019220527
-7.64078922149125	4.50088361034381
-7.51471045087209	-1.24967787148337
-1.36169179700741	5.88687137993426
6.64062038636969	-5.75658146255022
3.55772022870491	8.081604125127
1.88407813231542	1.46107927241747
-1.70203097860069	-5.18398328376029
0.304795848784567	7.30127771772757
-0.560110725692438	-7.6954474782477
-4.50613512468745	-5.29827706764061
0.328425783416524	0.200652321920938
-3.00362771735222	-4.60894071842467
7.82161424225747	5.48599772812671
2.41867943876153	2.40690830785781
-4.73148818604817	3.85230876835124
-6.35515589677604	6.6745161446787
-4.85860009129367	-6.91238970478513
-6.22601303296708	2.35207293515007
2.73731794339193	-8.50558326448152
-6.23065107137568	2.80084877795462
7.4024705328861	-0.164411144468874
-4.83504535555813	-3.88445398038848
1.65621368166052	-5.7116063870331
1.89526628845356	-5.15337478443253
1.09978652721285	-1.08505950590659
-5.67759624898049	7.80011078161257
5.80944325210779	-0.16214878456509
-8.75532385623958	1.76969955870395
-2.4832431330412	-2.93315392391873
-8.40635857589512	-5.36643050424727
-7.67482587860565	2.79160861990092
-6.50118412134344	5.5566843139592
0.910918598476107	7.27046732555634
4.76180600430013	-2.6688733268876
-0.287588975499492	1.03333276177189
1.03694385280805	7.85140442669488
-1.64579044775575	8.44509825868121
1.46939009899511	-6.39409599305755
-1.59944344934402	-1.93384205290034
-3.35598160265231	-2.93568147182693
1.6152504545995	-9.11149785294799
-8.00237407142939	2.20019580804707
4.783563867453	7.84063701514519
-7.65928007816734	-6.32584548314816
-0.141954681022521	-5.16320323175162
0.798025807491175	-4.78932013037777
6.81891969344998	6.86391839817653
9.55842494297429	-2.2547049466466
3.22372542021862	-0.0179956877490722
4.92205595003934	-7.95442704707807
-6.78667876819919	-4.16614421448143
-2.44081361926759	9.59025777793119
1.14768399981738	-7.76261317666132
-4.53219676923061	-5.94042766798656
-5.36893700079639	-6.14362711495891
-5.47052250580289	5.22548146203301
1.67749894973852	-5.93378865899741
3.88964617806451	-1.24517327575447
1.47550028143841	5.72004334299506
-4.44126403832944	8.95602592774785
-0.652350473444928	-1.12554166622769
3.97233129214651	-0.00362517618888051
-0.0461941283748288	8.38362776910544
-0.0261508955698978	-7.83250114341127
5.42897804746639	-6.32934815270402
8.31109879064048	2.85519971287773
0.00849738976851503	-2.44417585324928
2.39233158044005	6.46349045368821
6.72060633323999	7.13363142754674
-7.66773419536678	4.02281473960889
-8.19644149758145	-5.19592560234683
3.33293126849399	7.99858760554636
-5.03152432623385	3.59530528113999
4.44853526805273	0.408614905807429
2.23428280232515	-7.8628644226151
-3.71798746556654	8.43138034397841
-0.516397079040543	-1.55346360338471
7.44043745712122	-4.80253431881194
-2.12305757501019	-8.20756979891939
3.29231041336024	-4.10929838870103
-0.520117885494699	1.11478423308466
6.03863889214766	6.46917834001658
-3.26791362725756	-3.22167415780085
-3.55387565829716	-2.20605381327951
-0.617514258980543	7.79563147482513
2.89133449271419	-8.28748676754088
4.40579763229372	8.88099038337247
-4.57260504099183	-5.3742971069221
5.62565670087926	3.84298936180234
5.3359650181748	-0.629275137570713
-3.93155323689023	3.92039468382266
-0.205167803961516	-5.21668983472397
-1.34735889469576	-1.70715119336755
-6.48145153547013	6.24089023907422
-9.03780747762297	-0.885926659579087
-1.89398272374069	8.521832450245
-2.92280113233917	5.37602600334695
2.38851753454776	7.10295472997326
-7.45356629966341	6.33623325833908
-4.38855283720945	-3.29729998700857
-6.36897663618898	-1.70932679837441
5.50768180972398	-1.00059170888112
-1.9112420917878	3.344318505021
8.95266457311184	3.16405048997315
1.42953683664946	-2.9393921065372
2.3577425245722	-2.15790964725107
-6.47599957581227	-2.83523291772997
2.0288792088818	-5.01811530883026
-4.47972689699319	-7.39859287622303
2.03286742394977	4.81907449129748
-5.35409911009714	-0.010424570086528
-9.18328749672635	0.484816087715343
-4.96709334276725	-3.3013180847635
1.09960411491505	-5.66288067138474
-6.91105697207566	4.1694339976773
1.12528092990532	6.48264597972943
-2.39517635155742	2.09941597309529
3.08996265838769	-8.41553047136094
-9.54557943014714	-1.87419502399853
-4.21840191298781	-4.07988128482617
-4.24502187100115	-2.96319311597693
-7.25294957354629	3.88504933675891
5.38504618326589	-2.00330006238384
6.51735422003881	4.36974682381396
-2.38902906228807	-4.00283764094998
-8.39259507785294	-3.75285415110365
6.63177149721474	-0.74490976873614
0.712543490905572	-1.63411951657404
-2.30099696769603	-5.75854027517222
0.819372965489612	-3.54046174441954
0.797104253638611	9.35281432762004
4.22394548438195	3.76825008355003
0.570837018734176	-2.70128018826418
7.96809568960428	-3.49403213438938
9.1066730827	-0.56856916354827
4.5289175754239	8.24925152053929
-3.5306974980305	-0.691794789642805
-8.55573402747803	2.41636976850414
7.73091538004485	-0.76945691908331
-0.554252307017868	1.97394964577768
-0.74282491732703	-7.33370347611589
-4.79262030714477	-4.03853400660448
-5.67856568479984	7.14287473132391
0.946702428007949	-6.49911751687823
4.56645577874091	-6.61879059178941
1.72546613000638	-5.19009198359873
9.24552327511868	3.45389396498176
-5.28751405539215	-0.484548208304889
-2.8507722099828	-2.45111539485355
-0.50776180530147	8.87201074483453
-3.34694104597172	-2.24215570613134
1.38488754710348	-5.92174026250274
-7.34839917215213	-0.698673049671476
-3.79805675658645	-3.64448101578438
0.679545954828764	7.6887195703266
-0.403641759666499	9.70015998225213
-4.48691510633314	5.4531954305973
-2.40307759458723	-9.60550947834369
6.55973834830991	5.6189399486485
3.15443710492633	4.03649506329544
-6.61259773948869	-0.507644734593173
0.176517462953304	-2.249302168026
3.35651663197398	-1.03685704383787
-5.16978047910625	8.41221638239409
-4.12180231984601	-3.28941909824038
-5.27994420477969	5.16937883117923
0.471407151578117	5.55544810023164
-8.59148168840662	4.29872841848157
-5.72383141462536	-2.18115876165018
-0.648809907545779	2.62070482991825
2.86941522516935	2.59998000230194
-2.545661914168	1.99941920051923
-8.4826184000714	-2.68291492420353
-4.24785292976565	-6.86023230797215
-4.1126711420204	-7.33844230000481
-0.955111576145327	-7.84114609917052
-3.57049228431404	-3.77263874012054
1.63003096260276	-7.21448668910497
-6.57829188972007	-3.64038514565505
7.88932810752858	1.17663890111621
2.58650170863949	0.908379899433277
-1.74128021692227	-7.00125465948317
5.90519715710852	1.50790110788449
-1.97960517291475	-5.66021774808079
3.237260969531	-1.97351738131717
0.739299065471639	-2.23982704494282
-1.81786855771983	-0.926045337947285
0.0967623485646344	7.1221293381516
4.54396782263512	3.37197761893065
-1.83277691431725	5.34121527924256
5.35895689648361	3.72536853902765
9.17932768195237	-2.27551337960939
2.08675456309278	-2.88301874463958
1.98656701940088	-6.37855713062928
7.42810551196472	2.19207959903868
-5.24446416967152	2.1096514340499
-1.70446298157718	9.75097989712484
6.81260903368018	2.08244399127577
-5.47143291192914	-1.26447930512854
8.1615426272604	-0.333625827455158
-3.97326032789038	-6.20650625724262
9.71573324871137	1.9093366201835
2.5585966568952	-7.43389628051906
2.80954450677926	-1.09847977066114
3.37948475713157	6.38945547614691
5.3934859498552	4.89442968031392
8.14948796372366	-3.70009508516994
-3.04778684349141	-1.51977604895362
-5.92449178119195	4.48833146860585
-4.28126587816755	-4.24058887827705
3.24511864352337	-7.54624563926301
4.313211555961	-0.195199815832015
0.596804862087519	-3.98303359470971
-7.49969710475336	-0.56414190520541
-8.37628961411961	3.43036313684533
-4.1169769989079	-5.32019862205568
7.72632783780848	-4.07855359913637
9.47778910903277	1.85806774810592
7.58064268454779	-0.896723764319807
-4.32543453137319	8.94140874926238
-4.30123376323626	8.54306795967367
-1.20903985220318	-3.62160245882441
-3.44370794072329	-8.12277420580311
4.54120150311756	3.68578443135795
-2.23176029540408	-5.53895058377526
5.71120337474126	5.38886369734523
-6.9139017699294	4.11909119152447
-7.34101122454616	3.32304181310803
1.72007512486587	3.34059152792233
3.39522060701064	-6.53346048253107
-4.37948083977429	-7.1932574014728
8.08593352562771	-4.99805204992861
-4.10572359623527	-7.39079704278893
0.253491900604775	-1.3834647917504
5.4774574767222	0.842443129687616
-5.42438839660682	-5.08360447802291
-0.514531776748236	0.177282399261565
-3.28086162915566	-6.82763699336437
-5.75669067063295	-4.20088642702312
6.61155687416215	-6.81713635711416
5.96478654413155	-2.45469868690722
-6.08185897652424	5.00562237274971
5.14807346392718	2.06311055647237
-1.87133153885749	5.13740168611685
-9.29910856932194	-2.1909010370314
2.94174904592067	3.09852778451699
-8.08744025615567	2.2947445640709
-0.95026991772784	-4.91375117824395
-7.57332931404226	5.49932868773468
-6.30791713273762	4.90719084087272
3.64096439593609	7.70451268424426
4.79415861179401	-5.42169312686098
-4.40243278199211	5.20474744469622
-4.33917979371711	-3.9505500626092
-5.88898091293282	-5.18775257150328
5.35683980476045	-7.90419152570724
-6.98111576439934	5.40453142743012
-0.353209804948457	5.05312411689509
-8.81256234999048	-0.194855180472531
3.73087531403892	-9.00336473324136
8.27217855876784	1.26222292738998
-1.62333676056039	2.97902515841969
4.65207996555313	2.85399296616843
-3.82725061620313	4.3104486520762
2.42116828660513	4.41136112954195
4.65185839788758	4.54293211940784
6.26511154495324	7.75841653677586
-8.09992873454674	4.87804861363013
6.69868752420766	2.99905978960235
-5.46401107791932	-7.81023508844542
8.39424955486148	-3.8603157939635
-6.26184500911038	7.14642901919569
-9.05420478383086	3.42237821239748
3.77700549506059	0.851292779618816
0.987704331095095	-6.46730804658554
5.26120818497844	-6.23541080454143
1.08040437636173	9.5809520774427
-1.56119106111019	-1.99360177841316
0.724032440473991	6.53476566176611
-6.68796355517189	3.55044620796425
-9.0144048736048	-1.85832481991809
-2.58498731262352	1.20992673240875
5.34980026607275	2.47065790076924
-7.75754817262799	4.04127955856044
-3.55801166755595	6.82197206045223
0.142389357107716	-1.94550103924067
-3.45579859083988	6.95970442904927
-8.50272331802983	4.50767841728804
-7.4880114796197	2.97405745344756
-7.28138107385329	-6.12406104534144
-4.03786281704845	3.44012730265242
-1.49403882085467	-0.941128173484696
-2.30870165582181	3.53397262572466
-2.04394140539253	-2.89055277820618
-1.37882763721107	-6.59939947221015
-1.82761017902231	9.32862858329955
-9.57021427188908	-0.188239135722273
5.98864095696075	2.80805823191649
8.87775154905364	-1.40049248389663
-7.27836953406977	2.6444438843516
-4.99401874555083	0.799953101022017
8.32973577008147	-2.15454598005085
6.97170617385378	3.24032926063308
-8.71881239661782	0.563607381964624
-3.15558262792882	0.85489879547548
-6.24350532960551	0.532549361361931
-7.74211515732296	-0.893078470664545
-1.73766151679749	8.21681234820044
5.36464095350789	0.885227278857675
8.52073086432426	-0.636318187734364
-2.65534419381073	-4.02015202324057
-7.87642722589191	-1.14360213500465
-1.17770597973516	-0.763778870807408
-1.85464690233167	3.90348113711721
4.3913065812506	-8.8080014727675
6.20920278447535	0.418020167630337
6.84377496624597	-2.30435748435562
0.914535452353005	-3.94687762298642
4.58035502008412	0.194100245595205
5.7110845093364	4.40011069953467
-1.568410903157	-1.25614474073544
-8.94110313466882	-2.51909043746432
-3.08417766305949	-4.54351251337217
2.91921523338466	0.741322991040526
-6.28578594262751	7.50344384521369
2.40622941060428	-4.46050322467971
9.03601842991099	2.37751338809652
-5.94885302859758	1.86143946989717
-7.90099851386876	1.77406646746776
-5.36283955518684	-2.85035311703537
-3.52770383506756	-9.07602304173385
7.48302805956785	0.163615059468178
1.43675798192117	7.04466333156743
-5.09434726757105	4.37883663614782
-1.51375075939178	-5.14605008138582
-2.27218623806402	-0.165024850307521
-5.77870073805831	-6.97450122485641
-8.22774478164491	-0.484246571930338
3.09610236279592	0.512330126066605
8.22135647544836	-1.74347030925972
3.05567095324095	-1.19934957623732
-1.34399416068915	5.61448722365389
7.25452961644911	-5.39279346255167
-4.76933627201162	6.59094172392077
-2.64993943315278	-8.6209227183936
2.20120865014716	-0.116842413861699
-5.1889127906358	0.32305878717221
3.04744324873114	7.81808994489418
6.07933368728472	-1.72909280161594
5.15077466622398	2.20530572867124
-5.69130887447379	2.54229438262879
-2.90630407151167	1.15495820643852
4.95567078638759	-2.77848775147666
3.54052689847031	-5.70977039407842
-0.180938676126897	-3.94561974240999
1.38486304578626	-9.51357306917858
-8.62617217913782	1.31946948024621
3.24604524569317	-3.0423531081989
-0.252846934260392	0.213402057564003
9.09793349496084	-3.0845983082849
1.59054911175132	-8.61026837994453
-1.95663825411926	-4.91130800500005
6.9668974391108	-5.82870253716627
-9.6029476661431	0.599700534962378
4.04586421627147	-2.32291174140583
-2.73386394091347	6.33409478197253
3.24731240967912	-5.0546147131792
-8.30527107937717	5.44113954911404
8.77470651987847	-2.39405794355957
3.21100702656842	7.67620525753244
1.59050676219163	4.2940116559479
7.37104382596327	0.796633542657536
-4.75930094278548	2.9609737583934
-3.02486333915266	4.28809085956073
0.966578159983795	7.15445090019031
-5.07372503120189	5.45404113951459
-4.09323850389472	-0.168535338874185
3.15639985430548	1.19735064945832
-3.19776645514629	-8.45762262080711
5.18977804462244	6.53348488662434
4.49004900340015	-7.15096639441191
-8.43808140765767	0.590130730098521
-0.882036848426429	-6.90412880808909
2.93196325013822	6.87074629708105
-1.70491316942686	-5.31291631933832
-5.58485615053595	-2.77883930495336
-3.31480961259499	2.83438082216428
-0.2451452503474	2.70706875774723
-2.27777351362991	-5.05392855642076
-2.92162785228707	-1.16659425682494
5.68776517969552	4.77742838970565
-6.53237420637937	-6.4979051808399
4.73141995695464	-1.81348239413366
-2.18923731005352	7.26860371494726
-8.13396560301806	-5.32442688335326
4.18828982853969	-5.44584111911126
0.5182886346755	4.66756010421585
-1.93973828625767	2.10292926279286
4.26963301444426	8.01910380223345
-3.91191897782309	5.93917354855152
0.0600692606094431	8.1036253032033
-2.18888894160077	5.30492121493733
-2.69200866876145	-3.18020734481039
5.23840435489899	-0.51016870474209
-5.741933989139	-4.77754141710538
-7.74006885864712	-1.29066660536439
5.50949384304848	1.51566477833908
1.75295485436122	8.41931943275529
-4.29622522696629	-0.328756347201338
1.12360282130044	9.06417885702066
9.78271176737239	0.636257524982576
5.05522257322708	2.85620906119163
0.830199628653318	4.03453508066328
-0.779154069317477	-0.590634690030018
-4.01160347639013	0.986298202453685
-8.63143007602035	-5.0336460294253
6.47115198350533	3.56648517287672
-2.40769014414468	7.81171578349109
0.0215421724702431	8.48003568361758
-5.97334765772567	5.78192826933758
2.72302855672444	-1.87182933372406
3.43884849674974	0.0995869902067713
7.40267373744795	-6.5692111594489
-6.8433612111653	-3.44899568620693
1.84861194214814	-6.92654614568903
-5.68369407303668	3.8513321992421
-2.55872597767669	8.33588045554667
-5.80325442062497	4.1491325441766
-2.89736742189309	3.6873454097615
-4.71793259570649	-5.01430572804748
4.38975352907476	-2.39386131851718
-1.96674459935316	-9.54468166850526
-3.21823413483971	7.64648972461619
-9.69767029266043	1.75226279510244
-6.77431715023534	3.76186735887295
-3.74556849560246	6.59893900163098
-3.99257366743665	-1.16414678456086
0.498422705804449	-6.36579755736329
-5.2868444411553	0.0724843737064908
3.82507859738572	-6.60773237728251
7.16846416313948	-6.96126167410657
3.43303220051748	-4.8622373751111
-4.15895447291723	-3.64529868969153
1.27218965877409	9.39743964274138
-0.413702540937334	4.59014324861806
-3.67188750644256	-8.60850925129766
0.57456691944117	-0.91852630544506
-2.27552684808636	8.720620100641
3.48013240273381	0.745200552189253
3.90432584818692	0.203355420123264
5.76914594512895	3.88993468401229
5.30073136176096	-3.92083530899507
0.0384715750072763	2.70172024304981
5.47708293238494	3.72156639886641
2.76079243124044	6.25536785324888
-3.60330469504968	4.94718549532356
-4.57010418110326	8.3819172648097
7.66975385543785	-2.28175310377734
6.82207314263004	5.73544661337278
-2.2490021748828	2.63805782520561
6.78319801136007	0.449737770852276
-7.11900648592903	1.22654476756718
-6.1969079833526	-2.51278055955322
2.33775508964416	2.88894808224778
2.35769967965799	-5.86968237131094
-3.52788051431996	8.50889676858239
-1.58414362169226	6.82734368473368
0.225128252593683	7.50908019197857
5.1368101093912	0.0212230368744945
-3.07932832660091	-3.0925855584125
-4.93846383809867	7.81572656670189
-9.79648083809306	1.78017502217747
6.73123110947599	7.27613089304973
-9.86681585033719	-0.994866912611328
-1.87805269280043	9.62780709436659
6.1988981578523	-1.13323608411271
1.33836071788638	3.30027944175241
-7.87987770575804	4.57977672180249
-4.07308246864914	-0.250724476827017
-4.34232280574313	8.90218200289825
-5.32123821980276	0.768503539696373
3.12616503966417	-3.15656840482889
1.63714006700181	-5.60260151967652
4.90619697194254	4.43154773740339
1.91650776261017	-1.06665710842695
1.77217881112643	-5.168824566522
1.07254223738518	-4.98349950177337
4.43931827230046	-8.83347326238068
2.84474044421303	6.71999273653508
7.16468857218083	-1.16595957233019
-7.51557346935556	-5.006488969693
-1.5423295469736	-6.38855624159979
2.3411119765506	5.22246487205429
9.58345961806165	2.58713301937368
-6.9276709760149	-0.511954471532687
5.71939957380929	-3.46904776268421
-4.92729660483696	7.95694244050587
-1.3367894176534	-0.84067726923202
-3.66956202853742	-5.71828532995992
-7.98148219614718	-5.03446713814386
-7.8261611372804	-3.62439671374796
-5.11502461647666	-6.47931005048084
-4.117298655909	8.36028375601558
2.15517366713087	-6.79178374915709
1.44320490708007	-8.22771003192825
-6.15178914285629	5.39713120442014
3.53372144773962	-8.94131640228378
6.22134102777478	-0.607917835485169
-0.839512508804047	-8.34858096510623
1.38723451115763	-8.37745508281683
7.58241253692015	-4.3723732176621
3.67465863834996	6.64256316485534
-4.19701331495413	-5.03520734088859
1.67001167680992	-8.10525582266775
-3.96825713735412	-1.81055315565588
-2.67429373969199	-5.40833569394448
-2.36854622865862	-5.32017504826609
-3.15295026531925	7.2968924689906
-4.06249353876414	4.1238320521156
7.30823410744177	2.65368719490489
7.56166616033726	-0.444338838545453
-7.01092742979141	-6.66273087801873
6.28736886716018	-4.05690196457854
-0.750149094154693	2.48946430679678
-3.20416682985932	-3.35828235249958
-1.45491445185437	-0.632842361786062
-4.14926590619346	-7.2250038394954
-3.23369375569035	-2.4669499475081
3.52824250864996	-0.663047750672059
-0.196942292653553	-8.6956486890587
2.48043142293931	-1.05990663226356
7.42138195756991	-0.604081226114633
0.636919334539171	3.80584066730628
-5.82463905251601	6.74367134030748
-0.725730074423748	-6.64708001865246
5.48925519276134	0.0705236528656433
-3.38218782447787	-0.647985177860834
3.52053379695285	-6.21046899754303
5.98552750086587	5.84498646038488
7.39834741711113	0.600977625120785
2.75723298006549	-2.11100421405455
3.51033981008875	0.666423438631626
-6.22950529653628	-1.13732991503373
0.401998623761546	7.12209996835326
-0.288887335307227	7.97940109118407
2.09345389501699	-6.417510485468
1.3911204793559	3.92363236278854
-8.0891736356211	-2.63142755131477
-1.51570794598084	-5.23400923618236
-4.19650254775305	-1.54287628011553
2.05195007221861	-7.47182113035333
-7.3487219244942	2.16699041692732
3.8431598379989	-4.02883633014986
8.54463302334223	-3.91747200360087
-6.15863960687885	0.883307921447402
5.85521486089543	0.455436903989196
-9.24755525889318	-2.41745562741042
-2.29754117563983	7.05982570344222
-6.02922869782001	1.79907977798283
8.12598376427032	-4.17260302632636
2.23348968065702	-8.73603187206248
5.44469648785304	-0.640651165408443
5.91048189085674	4.379945254957
-8.40104289855945	5.21910650366034
5.95539249637541	6.15123189181395
-4.24997648992643	0.3927350964456
4.25889863666092	1.64542076317816
-7.99201102406615	-1.10957357646709
4.56895914717921	2.70020916979292
1.16337547455995	-2.6909104781668
2.56770664799192	-5.54617460324531
7.53347788013568	-2.9069018394854
-0.199557322386347	3.77353776496968
4.24022026745656	-7.90233145147929
-2.28746766121771	5.61499365339091
7.32099747460723	-5.98302389096933
6.5770504871774	-6.5165764320781
-0.834770752359982	-0.0612903814284204
6.12553413999762	5.09432748961091
-2.07548079302369	-1.92436444313287
9.4341612998246	-2.62273646412566
3.67132844665961	-8.97214716552208
2.26807320077615	6.20860521212431
9.2851231045414	-2.83681988320406
-1.37418480337247	-1.12005787072062
-2.66577057809996	-2.52472356355381
-7.88951617472405	1.46377647440586
-4.98778205445187	4.30721533569958
-0.3144008192372	8.63609872953917
-7.91747677957156	0.560407534814965
-2.22470227742915	-3.41169542515087
9.3590710882206	-1.52378279280533
-7.89066013251355	3.54550785794936
-3.78454915686894	-4.31505541836354
5.8718112889578	7.40485427104259
0.530144961286742	9.56184554359186
-5.38105264835987	5.84968445285476
4.19826807568454	-7.50509668723756
-6.73180845404313	6.7526406598569
6.7940348753975	0.284220163476757
8.53280119600543	-4.06120235177997
3.67952791142176	-4.90803712126291
2.7898977431364	7.76742675859918
5.62347474513823	-7.45674137392387
0.631611015307729	8.64046883878419
-8.77021834706769	1.1198958153993
-3.28500543886741	6.57917252450597
-9.05401830757427	0.0323248787570489
-4.39694828983589	2.24449385866314
5.32694312773633	-2.41750419337648
1.5841795311745	-9.38423528613553
4.23202627325231	2.98073513400302
0.609583851651876	-7.63996958425045
-6.37936271870335	7.42486883142156
-5.11286850898541	-4.52647759518411
-7.52911843360095	-5.69030763737866
-0.866409387043333	6.61258111550801
-6.44398784193462	-5.30240715700275
5.4784237422636	6.37266677816606
-9.35436528503313	1.74452436767187
-5.11591643017236	-7.46388854475367
-4.57182254431727	-3.94673327714639
4.35393567157204	8.46265135741017
-0.395864487009496	9.82426960515761
1.04550127544077	8.57679529590104
-8.70197132400764	1.70188611520532
-4.09547485921535	-4.69872649197152
8.10866336877613	-0.162665203873592
-6.64960288978648	0.127107126166864
-3.73624305325021	-8.02872249039567
-3.4866852391626	3.67705147984928
-7.85083734602968	2.78155888679457
0.5129791689953	-7.52543830925869
4.91748734360009	2.59517641708714
-6.50677009152888	-0.990360710861963
5.95334988706758	3.84972315370034
-4.31555534825315	-2.53068610976788
9.43263940217722	1.63821670736731
0.442271382173336	1.58732125298274
1.82743186997048	-4.37192156470555
2.88130116334546	-5.86677611996967
7.99211716749712	-5.03171224096773
2.83519809681497	6.03717565171783
4.96087629497322	5.83369338427361
0.189096060937216	-9.41347924792413
-5.5058109953446	-3.51711266136158
-3.61928899580589	-4.94118053645876
-6.49509055371944	3.76974883116377
-6.82510391160134	-6.49954737820822
3.52332938816528	4.73223501871094
9.09811113739415	3.45998409275201
4.53266191852038	1.27761174358297
0.989279462616944	3.92597716111207
-0.723814624961022	3.33363810714588
2.41731764887624	-7.6227519446286
-6.54242726065982	-3.34327961359781
-9.57745997251109	-0.794864178073152
0.341178201662905	-1.94133626860593
4.10430407612861	-1.5187997935174
6.4984855867781	6.34343419846201
-0.308711266068839	8.9014347417606
0.840551713890147	-1.5202857461419
3.9728711229097	-0.129184025242256
-3.92803462139045	7.95084881837164
-2.96574082450605	-4.87047821322119
-1.02497565739672	-5.67056278782568
9.28996922456277	-1.39864193522818
1.32944828510799	-0.840148425733808
-3.01013426258832	8.07850001628308
0.807932180604849	-8.83507627723422
-0.710741231471598	-0.926870784753355
5.77961187938907	1.59200318375507
1.91924924212511	-9.46874334051096
6.19669812627042	-6.94651200919521
-1.54570833193388	8.19330050282757
-9.86240044866289	-1.44717581030286
-1.04113491167888	9.78284472688357
5.53885270462339	5.56599369647909
1.94353151174052	-1.81921180589255
6.79987475236104	-4.21366935861345
-5.97141061024516	5.10295354390367
0.866994947655279	-4.63469304855026
7.3722035285222	1.8902095021097
-9.09213610820355	-0.677907162516602
-6.28439215537695	-3.99148292955266
-5.81398570897433	1.10579689599674
-0.102387457596428	-1.07269899505309
8.1210394737882	-0.0899060577068019
-9.04407305592745	3.24011911317639
-3.45555049545833	4.89121518072446
-2.17228479011536	6.06917623661383
8.03762790348864	-1.90557447687552
-4.27256541987565	-1.23971473662447
-3.1144893885346	5.90550092840919
-8.12611544199719	3.89643916294622
0.817834645767202	-3.43595059149556
-0.878450707182586	3.77770851260914
-0.369365038931816	4.15899458753676
-5.54949868259199	3.37790039781771
-9.7001544246796	1.10785761195039
-5.27919439189061	1.19612582445449
6.50679024207567	4.42170285955785
8.66251698675974	-4.01704462981745
2.64458378568909	7.77802685063387
-8.47103064666335	-1.6190376771409
-7.52395885860495	-5.82086883895789
4.2924557313049	5.1098081039867
6.26971671094704	-3.44010898397648
-5.09818317014344	1.06631760975506
8.21473073482546	0.0667362546657929
0.504054039958486	1.44745241674555
-6.40274699104842	0.0741643862365237
0.601514879625761	4.28469091469182
-0.86569697847085	-0.00809339031783671
2.86736454832402	7.13699239414343
-4.50979275756395	-7.08527994952001
-2.87303967627602	-3.38323041815275
4.29062717317378	6.19141983566
-7.15871962354088	-3.85420944211788
-8.93516532939231	1.2581292381415
-6.06122815591809	-2.89810885096738
-7.1921646179745	-0.177493221117093
-8.4818381503302	-0.674563210479797
-5.97681504231423	7.01511478200863
7.88312626976829	3.96766261209794
-8.75443814968064	1.38727239017468
-5.53097340973152	-3.38198553146607
-1.22017425301352	8.25992374932213
-4.89620855719742	-8.46016579913765
4.38161412069014	-1.83497218669597
2.7558769136359	-5.1808191917171
8.70825710246336	-3.84726612650617
-3.45857120186895	6.40164519421317
3.75046265716116	-4.4437627925425
-1.87259060178507	3.01926475150155
-5.98543225026691	2.73095370605008
-7.82542249594365	-0.719234777456267
5.22319233364015	-8.14364736101286
5.46809096547144	3.47782606273399
-6.03548117486569	-2.2193491322427
-2.13164821553891	4.44120435598691
-0.213838351772311	-1.48607313445177
6.21376487682292	-6.06029376541493
-2.7433973007902	6.74682612021394
-1.60338703641793	9.10547275612262
-1.67041918674678	-5.6095088358451
-2.36463753631272	-2.86947032173394
8.42868870008101	-4.64155867926604
-2.92314228782846	4.93824048533046
-6.8876572186099	-2.87404827265498
-8.61565223351887	-2.86567667627762
-3.26283598847805	-3.80387063259704
-4.5943823076102	1.25726365869269
-4.49864312253009	2.18224970344455
-0.927012194677493	3.76924454762343
5.71211637472342	2.75265510106304
4.67247257430841	5.88205408857439
-9.05018078667187	3.95715571914124
-7.7107587927276	1.85674778099883
8.70770824219487	3.95187950442563
-5.00330883548566	0.360783389836525
-4.10318062095548	-5.07690902350766
-0.974661229979668	5.70559504317016
6.75160683956983	5.6706109675266
0.842506489583165	5.32351678957421
6.79335998603796	2.05174154031619
-5.8957516779002	-6.31336385952941
-5.53689084794634	-5.86775587717697
1.03404625978236	-1.56187607921907
-4.15677634214803	8.41507561146085
-6.79018823514473	-0.910987491792308
-1.62761461328696	-4.43166192358903
5.71868582768319	-4.64081846951832
5.78671739007934	3.34302878344942
-3.78271536691505	7.19308807970993
3.53774708360511	-5.96728733977656
-0.848843566607729	9.04043425122395
9.58947356156809	-0.341343603316157
2.02783166798299	-5.64314476599781
-4.28974850379827	-1.58641673279591
6.11023928307485	-3.34177677550721
-0.0293117521708298	5.23003181890409
-6.01383656880424	7.43980730644977
8.16936702418204	0.175131082608298
-0.955110731979996	9.86812605864985
-0.426272388391949	-5.84423608963607
-4.04389413348361	3.87062046692281
0.0908283898297712	3.18860526392699
-2.52285885819346	9.21760650587704
6.8805091903509	-2.67316332573159
9.35298565639962	1.60783257404413
-4.64934410898884	3.5880252900453
5.20652887617566	2.16972051486995
-3.65243813962827	6.88012552435072
-0.268133252454012	-6.96656577985067
8.06843626542216	4.282131358672
-5.08279395157905	-4.0023783174958
-3.82951543980542	-7.1835990073664
-2.83108491821402	9.14634167520712
-1.27138313351737	1.06776335256779
9.34395931917034	2.58225872316968
-0.40849777502199	4.08858202749926
1.29155052772443	9.13101135835336
-5.1115260032247	-5.87651755507075
-6.0113804609143	-3.60247977755462
-2.54758917033114	7.30796117032083
-1.3284913540874	3.65601169419981
-7.0800770239208	0.87594961034555
5.17419672712055	7.04755651635019
-5.53697416976734	6.22833525150169
7.95514803267284	-0.550260455629811
-3.679021734469	3.79915784447638
8.04975015442249	2.55620278237713
5.63606578672768	-1.92446709147958
5.26978142356751	7.52190122230166
-8.46742008394365	-0.0443166991718606
-9.31200769115809	1.05794318121303
1.99906104355995	9.56433759820711
6.52165520241936	1.61847798083747
-5.1387913275802	6.99023995733965
-8.42311100411665	1.51729099718468
-2.35103521272974	5.90242076111602
7.15107821029737	-6.97567349239094
-1.30721930000353	9.03534575717325
1.83925022792615	0.770010143226843
-5.70765651444712	1.88390919753108
4.25469750579861	7.59989056389624
5.23701585801435	-5.09496687628181
-5.40855619174833	0.824063465102965
-6.1042325749574	5.16395224446358
6.21852076621184	-1.34778517462878
3.36831909171594	-2.57471422150377
-8.03351333956124	0.0555529426604253
-7.63669538787554	3.69642826790787
-4.74439380471499	2.22796949445621
-1.44305335787954	-5.21439013523351
-9.3847120415149	1.09139984698146
-8.74706809969812	1.94134030345582
-6.77864735364753	6.81493172979595
1.79767967718431	-6.94494920728651
1.10036034429423	1.88061752591932
2.12318837490301	-5.57059866005541
-0.946880624742708	-1.75441071402565
9.6941654964958	-1.63834720471896
-3.69221558126488	6.49263238938044
2.51813009976994	3.17740890054361
3.4734468298297	0.911560939340352
3.37507327225478	-0.544321130571501
8.87171698869458	-1.20030442400669
-2.49015804246975	7.11350478136085
6.28907429252994	5.0989730853216
3.42915267886137	7.03344200284838
4.70230424421769	-4.00514385653015
3.17275743780425	-6.86839686111685
4.71319926528385	-5.90615980818178
8.45079129515248	-4.77370915900796
4.24406294089307	-3.80793976137558
6.25014262445137	-2.27864566725063
-4.95212949318676	4.22591291383928
2.70183044877397	0.60812918640076
8.49897815500844	-1.87530525007195
2.5012788905758	3.60471491931818
4.7546066281836	6.21535246430555
5.25856731513421	4.22096711998412
-2.04200667277491	-5.25485457851793
0.866853402995965	1.9964559245503
-3.67325872653304	1.60249513544381
0.288362953974169	5.41151811824959
1.80144867729912	-4.01933297098567
-2.41733983629156	0.293352013045463
-5.89410419978772	1.39475195773716
5.30874477239078	8.36085529086713
8.9079313727096	2.02991016927572
2.64505365937525	8.48003380593572
-4.42827119452029	-7.76526537151422
-0.197379413347273	-1.30714647114364
-1.47689598260686	9.8537978335356
5.43481156964824	-1.92972430973762
-7.05825822254897	-6.17444505302489
-7.19968719557572	-3.8531208065436
-4.78765262152966	5.10276687340541
7.9863890339276	5.89684689572575
-1.29254061629155	1.49106504049481
3.6502863716569	7.26327924747045
-7.14390729336446	-1.4294744177642
-0.94779137346631	-4.72615511246465
6.43801733335985	5.99068031408206
-3.69731480095739	1.64280892831701
-8.58608043771874	-3.01049427540889
5.87425260493995	-1.22404179824584
1.92200442817454	-7.83963086269627
0.101130707599427	5.8951940425883
0.542083463258342	1.68150833713119
2.46083075373979	9.36840239382214
-2.26864741311184	5.81813351016782
1.12727103787279	-6.43146464990675
4.20946527225367	-7.59705816343574
-5.85814304669399	-0.995645645781269
-1.47932971275674	-1.97014092617242
-6.93097632556739	-1.88360430680868
4.16005236238893	-5.88364807443644
4.06657628670705	7.94090972807449
-5.21353757319565	0.639482485753236
5.31585915002603	-2.19531585652152
1.64084431382983	-6.66834103237508
6.37846673437472	-5.66565336306776
-4.19922039914811	0.88442687131029
-7.02218872159893	-5.8042003493022
4.02898353587996	-6.55754321686111
1.21745994788589	-6.64712323389724
-6.09649572464384	0.692979843893094
-2.56727581642613	6.39418655296829
6.9508869783519	1.09389450012145
-0.380061597177057	-8.75398910645158
-5.2378956818694	-6.80395702079986
7.62571517250412	-4.72966863046839
3.24983291256504	-6.19946760621596
4.54471859255527	6.82999359569587
-5.93741728821131	-2.83325557384904
6.40012189739417	-1.0011782535816
-5.71986391204049	-6.92935921118928
1.48016407514856	7.05712310810795
-3.4466008381104	8.58716422880227
-6.58792150816239	-4.00382874802034
-8.79608499361954	-2.72762167218289
8.86810042563106	-4.46978326598944
-0.766610787410102	-0.112411796922367
-6.21181906540593	-4.90047238709626
5.22711978862129	3.6569036840711
4.22188808574829	-5.07168636553269
4.95277655400094	-8.35565218516859
1.00785301526783	7.88041992933225
-1.49295647035416	9.79707611320075
9.39094780526125	-2.47182402661334
6.48315822824141	-0.826977475971409
7.58054663518888	-4.55007173636222
7.34757804895453	1.01416509528385
6.30654185798194	4.98580124545487
2.04913420097374	7.60306289645959
-8.56365101207062	4.47375251694352
-0.474460674686089	8.82215873216571
-5.18838600975629	3.79766477145386
6.86779892102303	-4.64041530634343
7.75788095347847	-5.43624302029628
8.72440698863308	4.07347028190089
-3.11980849279163	5.93397348070246
7.67353653757424	1.2450036446882
5.94321533044198	-2.45039359291562
7.45815670123134	-0.0988650071815369
-4.09087609639395	9.12218577808085
-7.44716867469344	1.14377801865022
-1.87891289006784	5.41991181597756
-1.85969792256691	4.56789067445946
-8.98566268753523	-0.193699015096195
-1.53894628688618	5.44391490685075
8.87889205765544	-3.6782534554017
-8.9682524929668	0.138575583737367
-5.72570719845632	2.67259436485263
4.57405405233112	-2.01067453149553
-6.63843466687921	-1.02551725524871
2.79269684351884	-2.95083274965249
2.6151134386478	3.50788187539459
-0.649593470339857	9.54139464330439
-9.5403658726583	-0.893899712563797
0.536472778287833	-1.05474666365214
7.53295369534847	4.10291348885639
8.5129708947532	-2.41869540422108
-1.29547105268122	-8.55936059338138
-1.82072898032367	-7.56280648296205
-7.19785834641694	-2.30375233853098
-6.17604919875511	4.01895929347938
-5.13100480287557	-2.59238531372778
-9.65180900948243	0.136603714377514
6.44334122990304	3.58915724719017
-5.66317079495202	-7.54015154718952
3.78838621267487	7.25327945397371
-9.20560307030419	2.33669629772061
-0.408289178340731	2.54464732176945
3.95353117551756	-3.4779661457983
0.182714925844913	-3.03631774361338
-5.26818176180441	5.00729313622226
2.69121523785499	-7.63030622139074
6.87954965149372	3.50451913031028
7.65233312682746	-4.28011133040682
3.57655519918608	7.00678674802864
-2.69123952924286	-4.94726681586674
2.52411332111017	2.51905767862537
-9.16997933198256	3.79361946532601
-2.14803611033964	1.05592935916155
1.74913548110739	9.18604057386104
-7.58291445048517	2.77830224376226
2.85013683446398	-1.90307555040151
2.0475227228379	-0.25382509086153
-8.09525122180817	2.09157845752735
6.98451108237698	-4.65970681547097
-5.18916353232402	2.27758686307338
3.17176863390154	-2.27747970988238
-1.74336681508687	-6.65519800059755
0.782949960295009	0.502087565136164
4.30601503096918	4.73061086197419
-7.19620238865663	2.05368252646188
6.82493354247417	-2.55820923239853
7.30472711277462	-5.98661797896358
-5.9328521397973	-2.29371176923326
-2.08219596869506	-9.28836379852627
-5.99398788525103	3.37062305158986
-8.16493975689751	0.969225653513333
0.212128442032264	0.656468865087639
7.91901517551717	1.0484731849144
-1.71860284641432	-8.87318893444436
4.75693970840782	-7.95238198707237
8.27971340509667	2.89374040664969
0.441353103887508	-9.19408962464486
-7.48657619395726	-6.27487862233
-6.8646611445884	0.847543385909773
-1.85859598136691	7.9126032593297
2.02783057129128	-2.28166905632435
4.6692757761478	7.74729104202332
-4.50662326363026	0.317665561132059
5.8264502475275	3.32448199942962
-6.85416031371395	0.916774988926369
4.16623646718592	5.28919269847855
-2.50984019257712	1.56945253037978
-3.42290485564226	4.00718170609299
5.09833805661574	-5.35982210279771
0.24076633456368	2.25360833311199
8.55817383239428	-1.32801701245656
0.573516916662595	-8.85197164536396
0.298009243631537	-6.3796081948534
-2.81510149501739	-7.96778285452714
-7.88103935599916	-0.12482022066965
-2.08479726709562	9.29623248251295
3.41006147167552	-5.49204728339112
-7.90596348857173	0.54961877871207
3.69328169110399	6.32807926331184
6.05986284885886	-7.56867578467675
5.66884951321924	-6.08208245175954
-4.45610018010819	-2.41151126268802
-3.40714844653745	1.3501112038005
1.7770177387989	-3.33194971530896
2.42051151246681	-1.73113665297983
1.0065520986621	8.26155600194225
0.791834136755119	-6.61299975879325
-5.03184738155082	2.80721440141533
7.26901940282972	-6.55045840634779
-1.98126459232449	1.93419362990995
4.7958453145731	0.362476608700369
6.86358193889824	6.60671134407227
5.13864223352309	6.87933377362607
4.6999986950213	-7.52302263660184
5.66728539329388	-0.846164668964203
1.51281018414309	5.28440282390513
6.5142962050747	2.3512721409048
1.30930391758195	1.13611077159666
3.12767913271092	8.17798457876371
-6.60723198219484	5.1243546238664
-3.59057070877738	7.50668020087158
-7.4097521070885	-2.89165117197013
-1.36908477239088	8.79486422162545
-7.69096727049591	1.57874227471489
3.90189167930086	5.17334238984832
6.47492884710557	3.55220142672283
-1.5187109363395	-7.96934092826337
8.74076560141279	3.05716263598591
-8.3607128860536	-3.30701966959275
7.99125160810719	-0.377328106628486
3.97461781517182	8.36255614116217
5.02167200070437	-4.95555936090985
-0.837364149893966	-7.96558051818187
-0.800806557747808	-7.00249551815771
-2.60607226967902	-7.19602766509719
9.24398134052215	2.54364202491393
-2.89642028644516	-4.63490308521756
7.59950102552176	3.79433580725863
-7.46648704867142	-4.27361450399839
-3.46935485382238	9.24580602898471
-5.54055712420847	0.778775286577352
5.16176634599198	0.9173743050025
6.9308318297698	1.64000461722246
-0.420247747387354	-1.08080006529393
-7.92381176132631	5.32625097821913
-4.81527030430396	2.47399956204007
-2.35230239314401	0.0949660972342118
4.72757233426043	2.91953473726612
2.6289877472561	-5.45141251232978
-8.39301256829143	-4.27438735638792
-0.202294789106069	-6.08235245576825
6.28839570964923	3.93329086878892
-4.97726648929154	4.93561148342707
7.86325935945883	4.36894000940309
9.30167111066898	-1.26229671197433
-4.57952768047863	5.07897558001354
7.04761343312862	-3.5020003521843
8.85652309507987	0.0571936667128146
8.26700100093796	2.11383734305312
-1.27649506973479	-2.03335100155223
-3.10617025419466	0.101456292879969
0.311081278791292	1.90599788441002
-1.89172671963271	-7.79924775392852
-0.845194790645233	-6.37574566277692
-6.50094397334441	-3.56358001706732
2.34460241859132	0.909978415782718
-6.12235917433876	3.56610710144286
2.38077955178715	0.418306601714316
-4.36503767792616	-5.88974754512379
-0.770211113497756	-1.64263728617661
2.92071567900088	4.27832331281332
4.96862840185263	-3.45538504530415
3.67101729803104	-1.54924477102704
-3.12768901613559	5.10283935187805
3.45638828901086	-2.85646207596653
2.09363474913564	8.21308233320637
-1.46685033355401	-4.63232651548757
5.05076864167137	6.64351468257836
8.56497808088051	3.29793788266311
-3.30632687894899	-3.06450292514504
-3.68830971763795	-3.10692793969714
1.48687531105316	3.27579155847638
-3.39829808020967	2.43633768530432
-0.352420619618969	0.415711521853706
-5.1660030510473	7.0790814160604
-9.26487882516888	-0.0197461070868645
8.50091561832438	-0.449398791941111
-5.09397386653346	1.39343339427357
8.97073028018747	1.91346009636928
-6.09681251896946	-4.40484923832806
2.94696339690207	-3.62049723813121
4.71257743400279	-3.19139087562606
-2.3563299769626	-4.45209665878765
4.36055893002829	2.10356567959431
-0.550409095159874	-2.22060330463983
-6.61926571007812	-2.88504511575224
-2.02540336589636	-7.2329625054721
-3.20650583374263	-2.46242426009993
9.57945591173907	2.64192460429841
6.97845380967067	4.06789906130652
1.17033612713979	8.73170129595404
2.46863284221699	2.21562552826559
1.63410418272531	7.60266609835735
3.09239108097921	6.12518959174143
-1.46787907069973	1.96849737468782
-1.07297196601537	3.25277538458972
-6.87784587211357	-1.6996369888506
-0.250759718682969	-8.38909787042627
-2.20362246251073	-7.16625791641693
-4.66060411061918	-0.632786258354719
0.575703420516803	1.82173673254187
0.216154659451197	2.67979059626356
7.28472046259771	-5.10435695410251
-1.76200851273975	5.78598403842448
6.2071568509323	-1.90183743039449
5.51089408725147	2.53131363524203
-4.67572443161337	-6.13444831647481
4.17538319154167	-5.26275692362943
-1.61480568401695	-4.18467026779262
-1.34403422522515	2.08945787353225
3.7079388429342	2.05143116562214
2.33563368006893	-4.27590330735762
-9.26420670360594	-0.997096400417519
6.7651461727551	-1.71715314785004
2.4925786133166	-1.72566009859972
8.37740926747025	-3.27109090665595
-4.01844721948403	-3.97885837442491
8.8980696525027	-2.54054662428665
-2.84003563014473	4.45920636779806
6.16873368957356	5.70086550206732
-1.7559058923775	-2.92512698945129
0.411538800469436	-9.41561220238128
3.9157803144935	-1.73476496163981
-1.30784115584904	-1.42097815597368
0.988105599051594	-5.80549687112214
-8.36636532462249	-5.19933400207838
-0.7955861821935	4.02913160572349
6.08580703488128	-5.38788540675983
6.83626240589322	-7.27654242068134
-4.5193968656155	-2.72271312919497
-0.870353211247099	-9.30535035690615
8.08166037706816	-5.17698658167542
-0.35676622941314	-1.12542923578904
-1.4015281593235	2.04014388040986
-8.2864760500045	-2.64686890171199
8.40614928300833	-2.48583000279928
-4.70151694460022	-7.06966260960135
3.67371150462864	-5.27561496959181
3.54569496473135	0.479956463828214
-6.85593869896412	1.2608444361973
-6.36511213781364	6.87106788668152
-1.23612621195768	-9.38431364578585
-7.1393148463368	6.22075766140686
7.319157634843	4.23652501843838
1.15839812430383	2.56288008854431
-7.83687128949814	-3.11918271428452
-3.4180468225469	2.63703647490426
0.198391000453523	-8.42993146842736
-6.35814314705133	3.02089860030323
-1.09061210057836	5.14710506209678
-3.84716989453855	-8.98445900432232
1.94810824341349	-6.14776901014571
-7.68820958709203	-4.2982658029598
-0.930705153540341	7.58823641862146
-6.10726778744339	-1.13495365484193
0.243775862044794	-9.25044311572059
-6.28506881069642	-0.76272454355449
-8.34678382192051	-4.52573634627235
-1.48789668582429	-2.79111818452415
6.16556628242842	-0.674491665270075
2.3793625753445	-1.71726848541681
2.29920949395338	5.93232315003732
1.4167563369562	-1.40079437897778
-4.65250268973355	-4.42996923249672
-3.6911919590731	3.51304206731816
7.85363043796261	1.18981146446576
4.7593047722258	-0.0769938941925006
3.63883931771131	7.69879886047421
3.0474042859781	6.19050847029339
-7.41915239119648	-1.45183754211946
3.60080626696831	-8.00139803634567
8.20165154092805	-4.19617514754926
4.39162866019904	6.44353551051246
4.50171797209714	-4.03998660924575
4.61484764289738	-2.36524641554304
-6.5131166364206	5.91349771415257
4.44946775444932	6.28813616553337
-4.32485653897761	4.47468271250309
-7.08896736659054	-0.843840001453242
-8.79440423633541	-0.722718666106518
8.21810010124396	-3.60061057155209
9.38878482720796	-0.0407247202837664
1.70358036282683	6.59727721609667
-1.45856744625387	-3.96611346182836
-0.671516319085002	-5.35057253757693
-4.36365692752401	-7.96311061036748
5.45836104901306	-2.44852164132949
2.07813355917192	-0.775424357610457
4.20808435312439	2.19505708202265
0.753960382328208	-6.23846818158035
0.507955187791281	1.67400004727292
5.17402635654985	-7.5113858057693
1.77871389267733	-2.07748882828994
-1.98709499813715	-0.599534792133329
1.94428827534686	4.00820506121275
-0.491357839649592	0.92771222411156
-2.83552665964806	-3.99724290793728
-5.64127780650844	4.07604909924471
4.28791097421117	-0.821865158428032
0.730475824547926	8.0576592821057
-4.37010700651965	-2.74522811351533
4.08746875735245	-5.08910706095764
0.696019095759151	3.41784461410344
8.94569381415099	4.25895601192636
1.80542135771955	8.43514247282342
-3.65370656290378	-7.50229010612048
-2.61099988637256	-1.18648324856109
1.3507602880076	-1.1648270214646
9.10330404521928	-0.294988422752028
5.37494663160381	-0.216532613175591
-3.94922242643599	5.89902632813765
5.49542804953624	6.0308899339987
-8.13545053590306	3.45540618851432
1.39421641739907	7.05771295454425
4.75895468655699	-4.94990417737263
4.61486907261744	4.17195427324951
-2.93142613351069	-6.70707526381059
-5.94689491565922	-0.119776778014575
2.32856347945107	-9.46343823207977
4.67917840013265	-0.780443025230956
-7.08543750541098	4.97000046647635
-4.1258219654799	5.21972310893083
0.714421285056726	4.63543356064503
-3.96167244507488	-5.9714995528299
0.107239625566277	-3.34857244795269
4.98692942548734	2.02719298209766
-0.439837786797545	-4.13400769306727
-6.68743504405571	0.436687242097715
7.81669389855337	-5.58409569304942
-5.10911122518654	-2.30893910024467
-3.17048205947433	2.09117240382247
-7.92942947198727	4.9660380886003
2.17452754317421	-5.44750723014709
-1.44838160200369	-4.75256503446258
-3.1924209475884	4.23002594646888
-8.58506031199777	3.12490109196088
-7.43420721039425	-5.40319145388057
2.97360118399517	7.37595166906419
-5.55025284207612	-0.894793677229392
-8.17461799573095	0.0347305840740196
0.971002911405903	0.585872283218833
-2.00786590969837	1.13477986237525
9.27536591685316	1.92026364808655
-2.1521558875121	9.20131310461272
-5.88446553615575	6.03394329905408
6.45729458314665	-3.93471162504828
-2.11757383344012	0.727657281423783
1.10914691276739	-8.76106204024259
-2.99258787825938	-4.27653186943719
-0.67126529789635	-4.84903903287023
-1.73931813552305	9.13648343434611
1.40232898772329	0.188358547725747
0.212845868998143	7.26290337740313
1.23051873335429	-1.43657921254941
-2.86806896384702	1.29189676791697
-8.83672437899455	0.909439524689357
-3.88866552276936	3.88180765986078
1.93651205893143	-9.53493692494417
5.24570496963438	-8.48445457449572
-9.28197588771483	-2.50831298634145
-6.64752223475515	-1.84140936064954
-3.52286477793319	-1.46634043629916
4.16440111664583	-5.35681589973474
9.22072529358738	1.7489239426059
0.976001828891457	-5.72776797620926
-2.2250449581284	-1.03517630823369
7.84021277054632	5.23012820689483
-2.34910951237292	9.2712120950973
-1.65397062984765	2.63775329920524
-4.32229076689433	-4.82565974389241
-1.68619509126008	-2.32207743914192
-2.88606812520949	-3.33807644251745
-0.628867836392984	-2.27616740284356
-2.58752548139498	-0.144894890960547
-0.993890306079342	9.03935559576969
2.72003920152629	-5.35268460377283
-0.15320825271712	-2.49961581186715
-4.77634288059966	5.10366456683767
7.21472308593027	-0.403865179318309
2.21817020098607	8.22171455304712
1.64851918823473	-3.48413757942858
-0.14253648133205	-3.71615746361992
3.09747875533845	-7.91443852916376
-4.60450444960473	8.66989952666447
7.50694200404261	0.78841891884337
6.97512074731585	-0.485407120479078
2.037609563719	-5.51405696616912
2.00798134905179	-8.88896966087985
-5.95042056761657	5.9939934154602
6.85239060747498	-3.65398827059479
-3.50428578395147	3.85839360589587
-0.587633863691046	5.38049277235275
-4.11249682175938	-5.85441478162043
-9.29431032742435	-3.50436645801819
-6.87862370203661	2.25849435968963
-7.41083169738924	-4.2103530946146
-2.39833271794953	-6.92423442976827
-3.4163659118499	-4.32276655401973
5.58314468638356	-6.84715880364435
-9.56184466974975	-0.421323468598349
-3.81644570223099	-7.03889666124249
-0.125838249222441	5.51860413328645
-2.45553190383799	7.52220319639638
-8.03450091438291	2.97860626135693
3.78750723347398	1.42907834957564
4.53581320111907	6.05160352608348
5.13755553957529	1.25095816711161
2.16301004255402	-0.46510993776777
1.53940807629526	-3.82578710919417
6.58589371929232	2.50369556389261
9.5465274144637	-1.99910573576994
4.07469402622389	-1.75062850383823
-1.13115483479703	-3.02031805480733
9.61597015917651	2.17858494906327
-2.24879290715907	6.24360619167831
2.29849645305329	-7.27032335395397
-0.907277231574683	-5.98307470146801
6.99070094678882	4.52170754240324
7.48547305207905	1.37597287989422
2.40797099037412	-5.43780629208791
-5.12606001959955	4.43581491171065
-3.83721383799754	-1.57836939004905
0.443548735525277	-6.14634825791988
-9.15885868787134	-1.72514742235288
4.60330502685294	-6.14854002536252
-3.95503050785776	-8.53717538401307
-3.48650490236503	4.91423345450909
-7.01260717693374	-4.16292244324664
2.58874650932868	2.81127532890007
1.60095053613535	-1.86282080432088
7.05833456026319	1.3204192005286
-6.32159781277307	1.43551897521468
5.78007157898267	-7.79963636271548
-7.67532448894541	5.72964332249915
-5.05619169405024	-0.301546321157294
-0.26322512724377	2.67757138457787
-7.03503553528539	-4.93480590729001
-6.24388460542358	0.808060174344883
-2.51747648635039	7.28591159722553
0.430040920950808	2.12624918965397
5.31985637258086	3.77630542835761
4.61418604729198	2.2068647554304
0.364697468632415	5.19884771785778
0.621627491062404	-8.79360693470881
-5.67510780075954	1.70465333976242
7.49555442821027	0.688175865973462
4.0189506770694	-1.02266154591781
-8.88343201014067	3.70574909053345
-3.85694005131906	0.817330159955746
0.911266848886628	9.11394408911587
-2.76583452000149	-2.3760455157657
-4.34765982960558	0.0712680927558426
6.54246367885075	6.40216187875361
6.30228118026786	-7.54270469883249
-4.46510201437839	-6.26686803969659
0.591725678137585	-0.155713445707032
6.79973603422092	-1.36196217889167
2.59864651580955	-6.86660924702829
-0.905781968808499	2.29042442649487
-2.98087489760998	-3.6443553430274
3.39838213019084	2.45146634819129
-1.41440509254568	-4.61825015521761
-3.98532419346136	6.38854575660335
-4.17984437313807	4.76027668692308
-0.397353564786557	1.70564773079243
-9.53406536087773	0.900831476018372
4.15737467114366	4.33466101234938
8.89042659063998	4.31855013096433
-5.48536778555654	6.10720400694469
5.11348762910613	-7.74369649315138
7.13324429761184	-2.26294967833845
0.234349508012806	7.47291186452335
6.47195237860605	-6.74617294395687
7.10290724774637	-2.82421906474248
8.16532480770493	2.51682809926848
-1.48996545920255	-7.34862416736152
4.54120592145065	-4.28631424644809
2.08938549195431	-8.20414578195065
1.47456704413609	-7.47583877464498
-4.33413681773605	-3.46487077860821
7.48138231062454	5.60001621443583
-8.30558322780975	1.35455579168257
1.93949941592295	2.13122417334235
-3.63606352541449	-1.54816222082522
4.85203105034931	1.62046369021906
0.0365666106226159	-2.60415807795515
-6.64293982114313	4.74803314861951
3.35887635952527	-1.91964664115822
2.52141621576299	2.60043793305375
-4.6411471488328	3.81844090738139
7.45455202268134	1.3223038220245
-3.2217065743004	-5.24519401336553
-2.90480901087353	2.49250618047908
5.74308860734661	-4.21883416072447
-9.54118033305964	0.964222233758781
1.57183565943818	-8.17608637220355
6.25512369283139	-7.19224018484993
7.98294763184087	-0.150427278475923
-3.15857170285903	6.06604564883093
1.57069599951652	6.66483441603387
-2.48487001915363	0.428171014597637
-3.90029727772602	-8.09489199306308
-6.14713653635231	-1.68082794333375
-1.50027779276045	-6.52926101302583
4.151254053451	-6.89713636939194
2.97346968775027	-7.148036309266
-2.71901099177666	4.62048047819195
2.97592593355124	-0.925369882864977
-5.84719425683467	3.95233196802966
-0.492364588351723	-8.38972222717121
-0.583946791724798	-0.570888957183689
-9.19707388292728	2.58120040414096
-0.946357996285575	0.0499669964009371
-2.82322814524272	-1.54757641459425
-7.23772106961094	5.86932771295035
8.58071057799392	1.95071040225141
-0.737993822760597	6.07697279897012
-5.47710372937394	-1.18393348968585
-2.59088019276006	-5.16247775574698
-0.527682629250738	9.8384786705957
-4.41003872154543	0.35915932643619
-2.51883501874817	-8.38156030090921
-1.26033562166998	-3.63138196464631
-2.31538703413257	-6.2125270288663
3.37323205596594	7.50340947538491
9.10409393880504	-3.43795161964976
-8.09568269182572	2.4928744755944
-2.57913096871922	-3.73240877240246
6.35930934477742	7.28668406481955
-4.5669039900532	-4.27360698668006
-8.39075744320327	-2.39561349810083
-5.7397604179449	-6.50690392644873
1.02549391442606	-7.75530103522252
-5.97758084267168	3.58016249017123
-2.57759166559794	8.9006667946106
-9.94114711410615	0.780582315096204
1.47571409825692	-6.89862501818805
4.19707815338213	-3.05139325302344
8.33098468782888	1.57911805611471
1.72836041527489	7.13544277791809
0.454323337464163	-6.44764569791169
4.48670682726704	-8.64278041508295
-4.4822682045618	6.40047904950047
2.92190880960414	-5.30950015843003
-9.92645579872296	0.57676771605844
-2.51446699876788	-6.77182330531149
-4.06871192296978	5.11888817667841
7.1771282274649	0.549072814379377
-9.60468746782157	-0.565897488507125
-5.01782912256111	-5.32698208736295
-4.17686165032858	-7.42561218447192
3.6167813924369	-5.1851466182243
3.73438096535203	5.71370630014166
6.54042232479078	-0.584156391860385
-1.15995257191881	-7.52912725847939
1.915189630125	8.08461290918173
5.43192791947908	-3.69445820675555
-7.01316545777243	-1.57070874959631
-0.570241545167331	-5.44388044573378
3.70616395854523	-0.888831541253887
-4.75165688213598	5.06889025713191
0.62940763691494	-5.5996504648968
7.22669778455504	2.37992058254657
-1.76053447898816	-5.82889946495194
-4.93370235905835	7.90682308426779
3.08877010493751	9.1221011556069
5.40872900144432	4.10309134100257
-4.58707709409743	5.92248930296727
1.94088514586413	6.49772654201247
1.55065428438752	7.88357074417827
-5.6417121988202	4.30500824035004
5.01888912718375	7.467346395319
-4.91212049140118	7.73661331459964
-3.72044281886033	-6.38695924718809
-9.21966250715091	-0.519876358781228
5.63673294546191	5.39415162613002
6.63067014151986	7.1126227971894
0.115922430809991	2.79218532939413
4.59442243204639	2.43692746804309
8.21193494405203	-2.96109755485606
2.83355783043701	-7.20876015797882
0.481934992599239	2.61207904669564
-2.89553160082948	-5.10176585706051
-2.17167402291438	-3.50280300725632
-0.65759286802852	4.68195750512618
1.26696501569494	-9.7864448260705
5.93033961750652	-7.0747470373498
1.34801819239316	-5.20545078380457
5.82684653523097	-6.85715642670912
-0.0940026317890972	-0.578356219678541
1.47597189870377	5.21287380557243
-5.47674835119605	6.32034006303693
-4.39776588101047	5.10909533774321
-6.91638485232569	-0.790102686650115
4.02494263477703	-6.10155155070276
6.07143942569799	-4.72816899232955
7.44937634925896	5.19470738316375
6.70200878361176	-4.46903853324893
6.49966030657803	-2.89690265525221
3.06005302819933	-6.25357249480755
5.55276528256211	7.5912830423146
2.91193172597066	-5.4259072265617
-3.92231956696574	8.39453492096916
5.90390810112839	-3.33984958288771
-3.00989523386663	8.9845434229384
8.31943138401714	2.86522757382029
-1.70540595139633	-7.75199016585891
-3.78094314533002	0.012012230836904
-3.94182752717925	-3.25764331509935
3.68856182415168	-5.88805533832371
-5.70487031815903	7.33533630181891
-1.30004468783474	9.82644894533147
-5.98978650450402	5.22394912833631
-0.77538048523983	1.11024269161383
8.69550757615031	0.660640982492557
-2.8120792104754	5.34505709852531
-2.61175103237312	7.34000969890176
7.76477988159737	-3.86830004650108
-0.847936222438846	6.97053165982876
3.07932143344812	2.63334686639095
5.21034670466372	7.68062235289775
9.14227156270237	-3.66774788416073
2.27166004990457	9.50079892763878
-4.99845471030692	-8.41424854401984
-0.138927310140129	-0.490133310438242
3.09844850520683	8.32101177819369
9.0304073989372	1.11378303373688
7.74306384220226	-1.74549052954041
-1.82120968487835	4.52790157811416
1.47851453128591	1.32315379284768
-4.27191712288917	2.21439980371532
3.86666958666	-6.57519790410619
-2.17490184314597	-3.27377763919136
5.12128442219627	-8.03043801422833
2.16412045003456	-5.45365953550055
1.70072163764286	-4.06726301852304
4.19207216444503	-8.01227338122614
-9.30540013038998	0.331080240192213
2.05332738753803	-1.1439522520941
-2.04927348879405	-2.32967265828418
-3.29535630815742	-2.7263693509512
0.35423160845212	-5.44110945426365
1.07593355542215	-9.64695216543513
3.99718953279114	4.88857677898812
-3.89374794137907	2.49208208323574
5.45995282762485	5.19400711261017
-9.848842627973	0.369897691245269
4.2835012516452	-5.27945137203743
-2.67117498045214	-3.1751093562995
-5.26928907649698	-0.545097835621398
-3.28655929072406	-8.16329330778386
6.23935613197923	7.50308740452255
4.48529414210197	-3.66728922353175
-1.08970743026014	-7.13530620135357
2.50243459312669	-0.842646161051368
-3.35026389071629	6.37998192943636
0.807964349976737	-3.21955235771188
-3.53371838781001	-7.19473885013004
-3.07004375633699	-8.66142890211793
0.205996675114764	-6.43380240267937
2.78672876860199	-7.69149970187683
0.954052201197322	-3.02370162026913
7.90787156731608	0.232910283252285
2.78712396765925	-5.19874346000725
2.18264561678489	5.37483130365354
-4.23488748988351	-7.6678069662365
-5.83289709501421	3.66203769783656
-2.31456748212652	-7.91833906790426
2.04354335601556	7.07283378150119
-4.66208808950819	3.82743422459661
-1.75913339765108	-9.23697812662008
2.37914300550889	-1.86855368043578
5.86422872430141	-1.22595931557126
7.22175366554611	3.94132595414402
5.6727868796186	-4.2236149361823
-0.488875712174893	-9.83653317714658
-2.96867853839242	0.970656789069218
2.19172214420478	9.61046623330748
4.14715841663827	4.18462775018513
-7.22312035049931	5.80705867648504
5.71767551278477	-6.74396066013509
-2.23909994461959	-8.40415611020456
1.00620910496034	0.224759154776361
-2.83904922006966	-2.6954435413729
-4.20034521845025	-4.00005424470027
-6.25322366733663	-1.90089428805287
7.27045079833951	-1.07638845327567
3.79817642607318	2.76671310755589
-8.07754738627483	1.51531143465821
3.19739209843721	-2.56340658355566
-4.01656059332838	-1.49770868492469
-5.45465270341139	0.119247886397299
2.24398743069094	-2.45916633914308
-3.66858552843319	3.46552992497475
-8.04579727148334	5.34434987562593
-1.67415901059431	2.3598327800388
8.28903718863055	-5.09914458884536
-1.8786569796478	-8.07042726294484
-3.58843409895882	-5.6042767492522
-2.34509372516087	0.988325592942219
1.81486784197443	1.65754660095622
6.51513139157663	3.31078596200407
-7.51123565730031	-3.65882067241937
5.46244310064423	1.26887326771539
5.70872214664047	6.61849024531634
5.88801712427012	4.9345776774689
-3.54561507361011	-8.6918580272263
0.279378082505203	6.01154963744547
-7.079352347855	6.88419308801769
-4.67621787495722	5.68222899051447
8.85260795721364	-1.24192126331234
3.3258231873479	1.72018350149182
-3.36651333240713	3.00290126944999
0.609956061285449	2.00626865687223
3.93745643758866	6.81320734452961
7.90296404237362	-0.596591948023717
-1.04263780397996	1.32117548146436
-8.66190913146479	2.33260781418326
-0.649947830471436	-9.47645127312098
6.63751690870857	1.89575439954163
1.68130585020328	-2.90374183452684
1.14839436121293	8.68905696700389
-6.68905475515478	6.50529355860011
1.14591234911064	4.82835871230426
7.63603791968921	-0.0101403079907408
5.04923132974392	7.14682119013649
-1.24155059538306	7.29692639851953
-1.60663979247539	3.86344489688578
7.6133036097347	3.25772493902935
7.12368245642485	3.15558212453306
-2.95711446910443	9.06687229094543
7.67810237841782	-2.25738201788405
-2.81725051725617	-7.247325770467
5.39357234845816	-6.40980639201522
3.46588401413317	-8.87154874249669
-7.35089612864849	-0.893239395046221
-2.19562416349865	-1.17572477414632
5.06237819489411	4.5975666024731
-1.0059975600563	4.03911208328307
-7.47707794125663	-2.41484899446739
-7.14584039633074	5.83134389967406
8.70125941687468	3.4620747003807
8.73574301616304	0.37409941255962
1.75753373601128	-6.80067303081678
4.04055977908385	-0.624427975769997
-4.02879339022244	2.14592069664311
-4.66163510220167	8.38421606360074
3.79281904330584	2.56799985370728
1.19378115502911	-5.68671685227866
0.110539742693749	5.58975282057981
-8.53378237635521	1.38590012907747
2.29244808097638	-5.37335891992134
5.10793777053297	-6.14513847602422
-1.38390501756023	6.45350302199017
-2.39085415809907	4.87130840558931
-3.32176258117752	2.10738633718702
3.4530829850049	5.85882010930502
-6.65418054608127	3.32154043335147
4.31650908370338	3.90730107582821
0.176596431323335	2.80757480768966
-3.05929515535271	-1.27458611599561
-1.256887814651	7.73808250446506
-2.91240955785158	2.17570674843522
-5.08582167295478	0.118716199432228
-0.611937155153254	9.04442905732605
-5.81218345482937	-0.138410202357791
3.03585466173778	-0.152470186503658
0.818413978773173	4.48835376109217
2.58773777831986	5.06513319921261
-7.7882266879776	1.930365808764
-3.85735994730143	0.774798056338212
6.08666812322749	-2.07974049342698
0.399950016874548	4.31718264794078
2.72437002449177	-2.69573771834355
1.16035364398169	0.77991817214047
-7.69970878034185	1.839652046254
6.06585330840157	4.44177839058359
-2.55031758234738	9.1697694313646
8.64061571667883	-4.67780459361447
8.71988646311756	1.11690435045372
0.396801306544395	5.98114502554404
-0.667509251445079	-5.32759705786657
-1.13136487141287	-5.30823127853924
1.45808847606652	-1.70102223582708
2.78414209542252	6.65943800373368
3.66897730563127	4.13345733357995
-2.46514811388986	5.04510393121082
-0.398465741153302	0.307049163692603
1.46156211386146	-2.05317256278261
5.11589426215623	5.07446233881756
-2.12995066713752	-0.604099126998623
-2.2976665644114	4.58092305822636
3.44946891691997	6.56018533586939
1.33543565868679	-4.06217208054688
-2.0531144059906	-0.542601626637131
0.599065681359181	2.65820022371861
7.07738685862479	-1.17452736394064
-8.62838050959836	0.932474316223455
3.63973256297714	1.32248921736683
6.05332357167101	-7.60392734417764
-6.47152715837908	-1.53405016702006
-1.67281211992002	-1.02413509440582
4.89949943837962	8.3938760472216
-5.08710617287015	3.44699837710382
-8.39800155384566	1.03029892759075
-0.136960707306858	-8.40916366884976
7.17074198940473	-4.09715117106056
-8.78405315757426	-0.351353529602376
-8.34418876656051	4.51726443911549
-2.79932782768465	-6.47179203845114
4.7554311625179	-3.63790567692906
4.65519613509062	-5.38712156319294
0.132010649950542	8.29598601994658
-3.87477339640411	-2.65391557079281
1.01137379363223	-6.30462506103406
-0.855075090964952	-7.86529089626106
6.74509719565264	-1.44070469994142
-2.87977398724751	7.42055707867034
2.18788936698066	-0.575494914469654
-7.06420275164344	3.13046137336944
-7.39300196223359	-5.33415902691103
4.84806255817511	1.32416403321229
2.79493289160706	8.50596328073482
6.95422417479048	-0.587521856416127
0.339413019432569	9.67299916572951
-3.43733002165397	-0.944097294031841
-2.47555629013359	-2.07519809079251
-3.80903336065794	4.50214506752447
-0.41259026434528	9.54375980283751
-2.15030717272132	-5.45006334539935
5.9071604625118	-4.04194265326964
1.63078030226968	8.28461511450222
6.31059804291832	1.0357416698375
-3.14291901568794	5.40431180688887
1.74927772878676	5.16681975030063
-1.78338930817641	5.23520033625464
-4.0423530700014	7.27428767669231
-5.72889493449449	1.01144183084075
-2.11781622775307	-9.10635079270847
5.54699425115993	5.51607782976572
1.7300324583267	-9.07981248961369
-4.03234777991592	0.136623056809193
1.3168406440749	4.34582660439582
-8.89612135102658	-2.09450291877282
-5.12385062410505	6.11111207358355
-5.40624618222302	-4.39739290229343
0.754494731119126	5.76530688606056
-8.5810239259949	2.6527121152723
4.60371715109355	-2.64808217766745
2.82598997104673	2.00323154438597
7.87718140730072	-3.89270394040634
4.53266259633719	0.125648069974914
-6.95563496162416	-5.9964287263683
-6.89869160332445	5.67731499506406
-0.230729951204178	2.73842177236821
-9.24194027394073	1.56093911671808
5.66256281957991	3.49599391328009
0.454675842630141	-5.49406706998034
0.428705468372947	-2.16449355926182
3.06194697043461	-6.98971020579569
-8.15741880431877	0.265380076715336
-4.21150793159696	6.13238111449684
6.37509435564039	-2.932356013998
1.72463613549952	-2.84575046183704
2.30455558856884	3.60823846626706
3.74934595754718	-1.95306579711396
-3.7761146216131	-0.230776819936871
6.23081711498948	1.34811939264948
0.0165085220196422	-3.09161648176028
3.81410749117434	2.45672797746096
3.2622430061335	-2.85445120558235
-3.02814327917822	3.85372846370801
0.509778746677816	-9.60617508662062
-0.854773864588029	-4.58667919657121
3.81254131986231	-2.10766479757622
-0.214610258490196	8.24760796731056
-5.99246501828724	1.37796085263076
-3.4039200366991	-8.94542443233516
-3.86461271277758	-4.29452060344138
-3.66034754884734	5.52851157250128
5.39873048686368	2.28282008203011
-3.62485095259517	-3.01281818739523
2.11803966763435	-3.88966536671274
9.51724692466894	-2.79839993830118
5.60238191027181	2.1697308447838
-0.0446635571399047	6.20588506314182
2.37147515033229	-7.42576137734014
6.21131340645794	5.32867460854854
3.57853160649121	-9.17279980901417
-7.76955558892769	2.77505860599071
2.48339703413597	6.90277317078836
-7.21617523577156	6.00203701518872
-3.02244185486443	1.15186420056308
7.09254874343045	3.45297766641019
-8.13581379561354	5.01406629278777
8.73970694173026	-0.127191456439974
5.21830172241828	0.933042975568449
-6.10177715972387	0.704005766037186
0.166377963101832	-7.31271782940702
-4.83591170718014	-4.17415645525565
-7.03832489564955	1.9357305413202
5.56690114629247	6.25074811221327
-4.15674861721269	-0.10103891555374
0.532191259623031	6.58887152026841
